4
 0  4  7  0  0  6  2 11  0  5  8  1 10 16  9 14
 5  2  0  9  1  3  0  0  7  6 11  4 12  0  0  8
16  0  0  3  4  0 13  0 12 15  0  0  5  0  6  0
 0 12 14  0  8  7  0 15  0  0  0  0  0  3  0 11
 0 10  6 15  5  8  3 14 11 13  0  7  9  0 16  0
 3  7  0 11 15  0  0  2  8  4  0  9 14  0  0  1
12  0 16  0  7  0  9  4  0  1  0  0  8  6  0  0
 4  0  0  5 10  1 12  0  0 14  0  6 15  7 11  3
 0  9 15  0 11 13  0  0 16  8  1  0  7  2  3  5
 8  5  3  0  2 15 16  1 14 12  7 13  0 11  0  9
 7 13  0  0  0  0  0  0  4  3  0 15  0  0  1  0
 2  1  0  0  3 14  0 12  0  9  6  0 13  0  0  0
10  3  5  0  6  2 15  7  9  0  0 12  1  8  0 16
 9  0  0  8  0  0 10  3  1  7  0  0 11 12 13  6
11  0 12  0 13  0  0  9  6  0  5  0  0 15  7  0
13  6  0  7  0 12  0  8 10 16  0  0  2  9  0  0
