 5
9 7 3 0 15 12 13 5 22 0 17 8 2 23 11 4 25 20 14 6 16 18 10 19 1
14 18 20 0 2 1 16 11 3 8 22 25 21 0 10 7 12 17 24 5 23 6 9 13 4
12 0 8 17 10 19 15 24 25 9 14 0 6 1 16 18 21 3 0 13 11 20 22 2 5
5 13 23 6 16 14 2 17 20 7 24 4 3 18 19 10 11 22 9 1 21 12 25 8 15
1 25 11 22 21 23 6 10 18 4 13 9 5 12 20 2 16 8 15 19 17 0 7 24 3
11 5 9 3 18 8 22 4 2 1 10 0 0 19 15 12 14 21 7 17 13 23 24 20 25
19 0 7 20 13 0 3 18 15 17 2 12 14 4 5 9 23 24 6 25 10 11 8 1 16
16 1 25 12 17 20 19 23 9 0 21 11 13 7 24 5 4 2 8 0 22 15 3 18 6
15 0 2 8 4 10 7 0 24 6 3 18 20 25 9 22 19 13 1 11 5 17 12 14 21
21 24 10 14 6 5 11 25 12 13 8 17 23 22 1 15 20 16 18 3 7 2 4 9 19
7 14 17 18 12 4 21 20 16 22 5 0 1 10 6 0 8 9 19 23 25 3 2 15 11
23 15 19 21 20 13 9 3 10 2 7 14 11 8 22 6 1 12 25 4 18 16 17 5 24
22 9 5 10 24 18 8 6 17 23 12 2 25 20 21 16 0 15 11 7 1 13 19 4 14
3 8 4 2 1 11 25 12 19 24 0 15 9 13 18 20 5 10 17 14 6 7 21 23 22
25 0 6 13 11 7 1 15 14 5 19 23 4 3 17 24 22 18 2 21 9 8 20 12 10
4 21 24 23 22 15 12 8 1 11 6 3 7 16 2 14 13 25 10 0 19 5 18 17 9
2 6 14 25 3 22 23 9 5 20 15 19 10 11 13 17 18 1 21 12 4 24 16 7 8
20 17 16 15 7 24 14 13 4 25 18 1 8 9 12 23 6 19 5 22 3 21 11 10 2
18 0 13 9 5 17 10 19 6 3 20 0 22 14 4 8 2 7 16 24 15 1 23 25 12
10 19 12 1 8 2 18 7 21 16 23 5 17 24 25 3 15 11 4 9 14 22 13 6 20
17 0 22 16 9 6 20 1 11 15 4 10 24 21 23 19 7 5 13 8 2 25 0 3 18
13 2 1 5 23 25 24 21 7 19 9 0 18 6 8 11 10 14 3 16 12 4 15 22 17
24 3 18 4 25 16 5 2 13 10 1 22 12 17 0 21 9 23 20 15 8 19 6 11 7
8 20 15 7 14 9 4 22 23 18 11 16 19 5 3 25 17 6 12 2 24 10 1 21 0
6 10 21 11 19 3 17 14 8 12 25 13 15 2 7 1 24 4 22 18 20 9 5 16 23
